pmid,year
19651714,2010
24510978,2014
25904141,2015
27893682,2016
29772382,2018
32195651,2020
37210212,2024
19651714,2010
24510978,2014
25904141,2015
27893682,2016
29772382,2018
32195651,2020
37210212,2024
