pmid,year
23625257,2013
38573838,2024
23625257,2013
38573838,2024
