pmid,year
22215140,2012
30362935,2018
32496185,2020
34170378,2021
22215140,2012
30362935,2018
32496185,2020
34170378,2021
