pmid,year
24803239,2014
25082023,2014
27515497,2016
27902235,2017
31630299,2020
24803239,2014
25082023,2014
27515497,2016
27902235,2017
31630299,2020
